listimages/test101.jpg listimages/test102.jpg
Rotation
Angle : -0.299799 -14.9198 2.13702
0.96565 -0.0359252 -0.257351 
0.0360153 0.999342 -0.00436471 
0.257339 -0.00505367 0.966308 
Translation
0.812363 0.135263 -0.567248
listimages/test101.jpg listimages/test102.jpg
Rotation R
Angle : 179.792 14.9198 -177.954
-0.96565 0.0359252 0.257351 
-0.0360153 -0.999342 0.00436471 
-0.257339 0.00505367 -0.966308 
Translation T
-0.812363 -0.135263 0.567248
listimages/test101.jpg listimages/test103.jpg
Rotation
Angle : -1.8946 -26.0264 5.73663
0.894197 -0.0854309 -0.439447 
0.0897843 0.995902 -0.0109133 
0.438578 -0.0296967 0.898202 
Translation
0.567459 0.158884 -0.807927
listimages/test101.jpg listimages/test103.jpg
Rotation R
Angle : 178.197 26.0264 -174.355
-0.894197 0.0854309 0.439447 
-0.0897843 -0.995902 0.0109133 
-0.438578 0.0296967 -0.898202 
Translation T
-0.567459 -0.158884 0.807927
