listimages/test103.jpg listimages/test102.jpg
Rotation
Angle : -0.128413 12.1118 -1.87848
0.977238 0.0322935 0.209675 
-0.0320346 0.999476 -0.00463195 
-0.209715 -0.00219027 0.97776 
Translation
-0.600434 0.00423857 -0.799663
listimages/test103.jpg listimages/test102.jpg
Rotation R
Angle : 179.963 -12.1118 178.213
-0.977238 -0.0322935 -0.209675 
0.0320346 -0.999476 0.00463195 
0.209715 0.00219027 -0.97776 
Translation T
0.600434 -0.00423857 0.799663
listimages/test103.jpg listimages/test101.jpg
Rotation
Angle : 179.708 -24.0804 176.073
-0.910819 -0.0673125 -0.407281 
0.0639464 -0.997713 0.0218889 
0.407823 0.00610746 -0.91304 
Translation
0.523805 0.0672836 0.849177
listimages/test103.jpg listimages/test101.jpg
Rotation R
Angle : -0.383448 24.0804 -4.01805
0.910819 0.0673125 0.407281 
-0.0639464 0.997713 -0.0218889 
-0.407823 -0.00610746 0.91304 
Translation T
-0.523805 -0.0672836 -0.849177
