listimages/test303.jpg listimages/test304.jpg
Rotation
Angle : 179.623 10.4616 -177.029
-0.981991 0.0519061 0.181658 
-0.0525021 -0.99862 0.00152959 
-0.181486 0.00803536 -0.983361 
Translation
-0.0290518 0.117686 -0.992626
listimages/test303.jpg listimages/test304.jpg
Rotation R
Angle : -0.468409 -10.4616 3.06196
0.981991 -0.0519061 -0.181658 
0.0525021 0.99862 -0.00152959 
0.181486 -0.00803536 0.983361 
Translation T
0.0290518 -0.117686 0.992626
listimages/test303.jpg listimages/test305.jpg
Rotation
Angle : 175.922 23.929 -169.749
-0.899297 0.14999 0.410814 
-0.164036 -0.986454 0.00107364 
-0.40541 0.0664226 -0.911718 
Translation
-0.18394 0.550229 -0.814502
listimages/test303.jpg listimages/test305.jpg
Rotation R
Angle : -4.169 -23.929 10.3426
0.899297 -0.14999 -0.410814 
0.164036 0.986454 -0.00107364 
0.40541 -0.0664226 0.911718 
Translation T
0.18394 -0.550229 0.814502
