<?xml version="1.0"?>
<opencv_storage>
<Co2 type_id="opencv-matrix">
  <rows>4</rows>
  <cols>1</cols>
  <dt>f</dt>
  <data>
    3.71843874e-001 -1.85248184e+000 -2.02403944e-002 -4.35955077e-003</data></Co2>
</opencv_storage>
