<?xml version="1.0"?>
<opencv_storage>
<K0 type_id="opencv-matrix">
  <rows>3</rows>
  <cols>3</cols>
  <dt>f</dt>
  <data>
    5.36247498e+002 0. 3.42294006e+002 0. 5.36212891e+002
    2.35531555e+002 0. 0. 1.</data></K0>
</opencv_storage>
