<?xml version="1.0"?>
<opencv_storage>
<K1 type_id="opencv-matrix">
  <rows>3</rows>
  <cols>3</cols>
  <dt>f</dt>
  <data>
    1.62914868e+003 0. 8.18221680e+002 0. 1.63047998e+003
    6.06374512e+002 0. 0. 1.</data></K1>
</opencv_storage>
