<?xml version="1.0"?>
<opencv_storage>
<K2 type_id="opencv-matrix">
  <rows>3</rows>
  <cols>3</cols>
  <dt>f</dt>
  <data>
    1.04664905e+003 0. 2.92288971e+002 0. 1.04963623e+003
    2.59618774e+002 0. 0. 1.</data></K2>
</opencv_storage>
