listimages/tree01.jpg listimages/tree02.jpg
Rotation
Angle : 0.538774 -8.46901 1.13626
0.988912 -0.0212024 -0.146979 
0.0196042 0.999732 -0.012314 
0.1472 0.0092961 0.989063 
Translation
0.738214 -0.0598001 0.671911
listimages/tree01.jpg listimages/tree02.jpg
Rotation R
Angle : -179.553 8.46901 -178.955
-0.988912 0.0212024 0.146979 
-0.0196042 -0.999732 0.012314 
-0.1472 -0.0092961 -0.989063 
Translation T
-0.738214 0.0598001 -0.671911
listimages/tree01.jpg listimages/tree03.jpg
Rotation
Angle : 8.14602 4.27938 6.4166
0.990974 -0.100078 0.0891878 
0.111389 0.984905 -0.132492 
-0.074582 0.14123 0.987163 
Translation
-0.767963 0.0597513 -0.637701
listimages/tree01.jpg listimages/tree03.jpg
Rotation R
Angle : -171.945 -4.27938 -173.675
-0.990974 0.100078 -0.0891878 
-0.111389 -0.984905 0.132492 
0.074582 -0.14123 -0.987163 
Translation T
0.767963 -0.0597513 0.637701
listimages/tree01.jpg listimages/tree04.jpg
Rotation
Angle : -173.305 -16.3392 -172.426
-0.951087 0.0994687 -0.29247 
-0.127939 -0.988564 0.0798362 
0.281184 -0.113349 -0.952936 
Translation
0.862945 -0.0279945 0.504522
listimages/tree01.jpg listimages/tree04.jpg
Rotation R
Angle : 6.78676 16.3392 7.66522
0.951087 -0.0994687 0.29247 
0.127939 0.988564 -0.0798362 
-0.281184 0.113349 0.952936 
Translation T
-0.862945 0.0279945 -0.504522
listimages/tree01.jpg listimages/tree05.jpg
Rotation
Angle : -7.06418 21.5093 2.19151
0.929748 -0.0829444 0.358733 
0.0355612 0.98997 0.13673 
-0.366476 -0.114367 0.923372 
Translation
-0.572768 -0.800173 -0.177935
listimages/tree01.jpg listimages/tree05.jpg
Rotation R
Angle : 173.027 -21.5093 -177.9
-0.929748 0.0829444 -0.358733 
-0.0355612 -0.98997 -0.13673 
0.366476 0.114367 -0.923372 
Translation T
0.572768 0.800173 0.177935
listimages/tree01.jpg listimages/tree06.jpg
Rotation
Angle : 176.973 -4.24723 -175.235
-0.99368 0.0885026 -0.0690476 
-0.0843856 -0.994599 -0.0604293 
0.0740229 0.0542208 -0.995781 
Translation
0.250962 -0.0897624 -0.963826
listimages/tree01.jpg listimages/tree06.jpg
Rotation R
Angle : -3.11829 4.24723 4.8565
0.99368 -0.0885026 0.0690476 
0.0843856 0.994599 0.0604293 
-0.0740229 -0.0542208 0.995781 
Translation T
-0.250962 0.0897624 0.963826
listimages/tree01.jpg listimages/tree07.jpg
Rotation
Angle : -167.999 -43.3254 102.954
-0.162488 -0.985213 0.0543481 
0.709359 -0.0783514 0.700479 
0.685862 -0.152372 -0.711601 
Translation
0.426037 0.316609 -0.847497
listimages/tree01.jpg listimages/tree07.jpg
Rotation R
Angle : 12.0921 43.3254 -77.1373
0.162488 0.985213 -0.0543481 
-0.709359 0.0783514 -0.700479 
-0.685862 0.152372 0.711601 
Translation T
0.426037 0.316609 -0.847497
