listimages/test104.jpg listimages/test103.jpg
Rotation
-178.86 -19.999 179.563
-0.93972 -0.0165498 -0.341545 
0.00865547 -0.999659 0.0246242 
0.341837 -0.0201837 -0.939543 
Translation
0.391216 -0.304016 -0.868633
listimages/test104.jpg listimages/test103.jpg
Rotation R
1.23129 19.999 -0.527986
0.93972 0.0165498 0.341545 
-0.00865547 0.999659 -0.0246242 
-0.341837 0.0201837 0.939543 
Translation T
-0.391216 0.304016 0.868633
listimages/test104.jpg listimages/test105.jpg
Rotation
-0.477475 -11.9206 1.16483
0.978255 -0.0185984 -0.206572 
0.0198807 0.999794 0.00413271 
0.206453 -0.00814976 0.978423 
Translation
-0.0278745 -0.189859 -0.981416
listimages/test104.jpg listimages/test105.jpg
Rotation R
-157.983 14.614 -4.08172
0.965228 -0.0287059 -0.259827 
-0.0688438 0.93095 -0.358599 
-0.25218 -0.364017 -0.896603 
Translation T
0.0278745 0.189859 0.981416
