http://tech.groups.yahoo.com/group/OpenCV/message/52818
listimages/test303.jpg listimages/test305.jpg
Rotation
Angle : 175.922 23.929 -169.749			100  14.7 39.14 => -1
-0.899297 0.14999 0.410814 
-0.164036 -0.986454 0.00107364 
-0.40541 0.0664226 -0.911718 
Translation
-0.18394 0.550229 -0.814502
listimages/test303.jpg listimages/test305.jpg
Rotation R
Angle : -4.169 -23.929 10.3426			-79.56 -14.77 -140.949 => 1
0.899297 -0.14999 -0.410814 
0.164036 0.986454 -0.00107364 
0.40541 -0.0664226 0.911718 
Translation T
0.18394 -0.550229 0.814502

listimages/test305.jpg listimages/test303.jpg
Rotation
Angle : 0.973546 3.17265 174.074		-0.847 20.09 -6.388 => 1
-0.992974 -0.105686 -0.0532254 
0.104607 -0.994255 0.0226832 
-0.0553169 0.0169561 0.998325 
Translation
0.147889 -0.000412862 0.989004
listimages/test305.jpg listimages/test303.jpg
Rotation R
Angle : -179.118 -3.17265 -6.01681		179.243 -20.0976 173.703
0.992974 0.105686 0.0532254 
-0.104607 0.994255 -0.0226832 
0.0553169 -0.0169561 -0.998325 
Translation T
-0.147889 0.000412862 -0.989004
