listimages/test701.jpg listimages/test702.jpg
Rotation
Angle : -0.378012 -5.95021 0.0160816
0.994618 0.000402618 -0.103611 
0.000279024 0.999978 0.00656493 
0.103612 -0.00655867 0.994596 
Translation
0.191277 -0.102659 0.976153
listimages/test701.jpg listimages/test702.jpg
Rotation R
Angle : 179.713 5.95021 -180.075
-0.994618 -0.000402618 0.103611 
-0.000279024 -0.999978 -0.00656493 
-0.103612 0.00655867 -0.994596 
Translation T
-0.191277 0.102659 -0.976153
listimages/test701.jpg listimages/test703.jpg
Rotation
Angle : -0.605429 -11.6959 -0.508304
0.97922 0.0110062 -0.202503 
-0.00868305 0.999886 0.0123573 
0.202616 -0.0103421 0.979204 
Translation
-0.238737 -0.211471 0.947779
listimages/test701.jpg listimages/test703.jpg
Rotation R
Angle : 179.486 11.6959 179.583
-0.97922 -0.0110062 0.202503 
0.00868305 -0.999886 -0.0123573 
-0.202616 0.0103421 -0.979204 
Translation T
0.238737 0.211471 -0.947779
