listimages/test703.jpg listimages/test702.jpg
Rotation
Angle : -179.794 -5.71019 -179.656
-0.995014 0.00708664 -0.0994815 
-0.0075644 -0.999962 0.00442706 
0.0994464 -0.00515759 -0.99503 
Translation
0.278705 0.199519 -0.939423
listimages/test703.jpg listimages/test702.jpg
Rotation R
Angle : 0.297132 5.71019 0.435793
0.995014 -0.00708664 0.0994815 
0.0075644 0.999962 -0.00442706 
-0.0994464 0.00515759 0.99503 
Translation T
-0.278705 -0.199519 0.939423
listimages/test703.jpg listimages/test701.jpg
Rotation
Angle : -17.758 9.33423 177.208
-0.985525 0.00147434 -0.169527 
0.0496106 -0.953681 -0.2967 
-0.162112 -0.300815 0.939803 
Translation
-0.0161191 0.158267 -0.987265
listimages/test703.jpg listimages/test701.jpg
Rotation R
Angle : 162.333 -9.33423 -2.88326
0.985525 -0.00147434 0.169527 
-0.0496106 0.953681 0.2967 
0.162112 0.300815 -0.939803 
Translation T
0.0161191 -0.158267 0.987265
