<?xml version="1.0"?>
<opencv_storage>
<Co0 type_id="opencv-matrix">
  <rows>4</rows>
  <cols>1</cols>
  <dt>f</dt>
  <data>
    -2.79158950e-001 6.88933730e-002 1.78745284e-003 -3.23463610e-004</data></Co0>
</opencv_storage>
