<?xml version="1.0"?>
<opencv_storage>
<Co1 type_id="opencv-matrix">
  <rows>4</rows>
  <cols>1</cols>
  <dt>f</dt>
  <data>
    1.23024002e-001 -4.21024263e-001 -3.75790824e-003 -4.19175345e-003</data></Co1>
</opencv_storage>
